92  48355  0 1 1    832
92  48355  0 2 1    794
92  48355  1 1 1   3385
92  48355  1 2 1   3235
92  48355  2 1 1   4420
92  48355  2 2 1   4200
92  48355  3 1 1   4331
92  48355  3 2 1   4113
92  48355  4 1 1   3714
92  48355  4 2 1   3520
92  48355  5 1 1   3509
92  48355  5 2 1   3447
92  48355  6 1 1   4535
92  48355  6 2 1   4525
92  48355  7 1 1   5766
92  48355  7 2 1   5600
92  48355  8 1 1   5703
92  48355  8 2 1   5525
92  48355  9 1 1   4900
92  48355  9 2 1   4722
92  48355 10 1 1   4241
92  48355 10 2 1   4028
92  48355 11 1 1   3225
92  48355 11 2 1   3251
92  48355 12 1 1   2857
92  48355 12 2 1   3002
92  48355 13 1 1   2899
92  48355 13 2 1   3077
92  48355 14 1 1   2692
92  48355 14 2 1   3162
92  48355 15 1 1   2084
92  48355 15 2 1   2578
92  48355 16 1 1   1368
92  48355 16 2 1   2116
92  48355 17 1 1    780
92  48355 17 2 1   1435
92  48355 18 1 1    456
92  48355 18 2 1   1259
92  48355  0 3 1    107
92  48355  0 4 1    114
92  48355  1 3 1    499
92  48355  1 4 1    463
92  48355  2 3 1    627
92  48355  2 4 1    553
92  48355  3 3 1    572
92  48355  3 4 1    547
92  48355  4 3 1    545
92  48355  4 4 1    463
92  48355  5 3 1    397
92  48355  5 4 1    392
92  48355  6 3 1    490
92  48355  6 4 1    505
92  48355  7 3 1    470
92  48355  7 4 1    480
92  48355  8 3 1    495
92  48355  8 4 1    469
92  48355  9 3 1    364
92  48355  9 4 1    403
92  48355 10 3 1    281
92  48355 10 4 1    336
92  48355 11 3 1    220
92  48355 11 4 1    257
92  48355 12 3 1    213
92  48355 12 4 1    243
92  48355 13 3 1    213
92  48355 13 4 1    269
92  48355 14 3 1    216
92  48355 14 4 1    267
92  48355 15 3 1    145
92  48355 15 4 1    234
92  48355 16 3 1    111
92  48355 16 4 1    165
92  48355 17 3 1     61
92  48355 17 4 1    119
92  48355 18 3 1     36
92  48355 18 4 1    107
92  48355  0 5 1      4
92  48355  0 6 1      4
92  48355  1 5 1     26
92  48355  1 6 1     20
92  48355  2 5 1     28
92  48355  2 6 1     29
92  48355  3 5 1     38
92  48355  3 6 1     38
92  48355  4 5 1     37
92  48355  4 6 1     27
92  48355  5 5 1     49
92  48355  5 6 1     24
92  48355  6 5 1     31
92  48355  6 6 1     30
92  48355  7 5 1     52
92  48355  7 6 1     38
92  48355  8 5 1     41
92  48355  8 6 1     45
92  48355  9 5 1     34
92  48355  9 6 1     40
92  48355 10 5 1     26
92  48355 10 6 1     24
92  48355 11 5 1     22
92  48355 11 6 1     29
92  48355 12 5 1     17
92  48355 12 6 1     19
92  48355 13 5 1     19
92  48355 13 6 1     15
92  48355 14 5 1     18
92  48355 14 6 1     17
92  48355 15 5 1      6
92  48355 15 6 1      6
92  48355 16 5 1      6
92  48355 16 6 1      5
92  48355 17 5 1      3
92  48355 17 6 1      2
92  48355 18 5 1      0
92  48355 18 6 1      4
92  48355  0 7 1     16
92  48355  0 8 1     17
92  48355  1 7 1     64
92  48355  1 8 1     65
92  48355  2 7 1     83
92  48355  2 8 1    103
92  48355  3 7 1    113
92  48355  3 8 1    109
92  48355  4 7 1     94
92  48355  4 8 1     98
92  48355  5 7 1     90
92  48355  5 8 1     80
92  48355  6 7 1     87
92  48355  6 8 1     99
92  48355  7 7 1     87
92  48355  7 8 1    136
92  48355  8 7 1     94
92  48355  8 8 1    158
92  48355  9 7 1    106
92  48355  9 8 1    167
92  48355 10 7 1     72
92  48355 10 8 1    114
92  48355 11 7 1     59
92  48355 11 8 1     65
92  48355 12 7 1     34
92  48355 12 8 1     70
92  48355 13 7 1     21
92  48355 13 8 1     41
92  48355 14 7 1     27
92  48355 14 8 1     38
92  48355 15 7 1     17
92  48355 15 8 1     27
92  48355 16 7 1      7
92  48355 16 8 1     13
92  48355 17 7 1      4
92  48355 17 8 1      8
92  48355 18 7 1      3
92  48355 18 8 1      1
92  48355  0 1 2   1721
92  48355  0 2 2   1643
92  48355  1 1 2   5993
92  48355  1 2 2   5866
92  48355  2 1 2   7650
92  48355  2 2 2   7152
92  48355  3 1 2   8024
92  48355  3 2 2   7616
92  48355  4 1 2   7461
92  48355  4 2 2   7170
92  48355  5 1 2   6001
92  48355  5 2 2   6363
92  48355  6 1 2   6478
92  48355  6 2 2   6664
92  48355  7 1 2   6482
92  48355  7 2 2   6644
92  48355  8 1 2   5800
92  48355  8 2 2   6044
92  48355  9 1 2   4944
92  48355  9 2 2   5201
92  48355 10 1 2   3609
92  48355 10 2 2   4021
92  48355 11 1 2   2663
92  48355 11 2 2   3137
92  48355 12 1 2   2326
92  48355 12 2 2   2860
92  48355 13 1 2   2084
92  48355 13 2 2   2623
92  48355 14 1 2   1849
92  48355 14 2 2   2493
92  48355 15 1 2   1315
92  48355 15 2 2   1699
92  48355 16 1 2    842
92  48355 16 2 2   1276
92  48355 17 1 2    510
92  48355 17 2 2    815
92  48355 18 1 2    313
92  48355 18 2 2    590
92  48355  0 3 2     15
92  48355  0 4 2     13
92  48355  1 3 2     69
92  48355  1 4 2     67
92  48355  2 3 2     65
92  48355  2 4 2     62
92  48355  3 3 2     65
92  48355  3 4 2     61
92  48355  4 3 2     49
92  48355  4 4 2     49
92  48355  5 3 2     50
92  48355  5 4 2     49
92  48355  6 3 2     36
92  48355  6 4 2     39
92  48355  7 3 2     47
92  48355  7 4 2     42
92  48355  8 3 2     37
92  48355  8 4 2     37
92  48355  9 3 2     24
92  48355  9 4 2     28
92  48355 10 3 2     24
92  48355 10 4 2     19
92  48355 11 3 2     12
92  48355 11 4 2     13
92  48355 12 3 2     10
92  48355 12 4 2     14
92  48355 13 3 2      7
92  48355 13 4 2     13
92  48355 14 3 2      9
92  48355 14 4 2     11
92  48355 15 3 2      6
92  48355 15 4 2     14
92  48355 16 3 2      4
92  48355 16 4 2      6
92  48355 17 3 2      4
92  48355 17 4 2      4
92  48355 18 3 2      0
92  48355 18 4 2      3
92  48355  0 5 2      6
92  48355  0 6 2      4
92  48355  1 5 2     23
92  48355  1 6 2     35
92  48355  2 5 2     38
92  48355  2 6 2     39
92  48355  3 5 2     37
92  48355  3 6 2     32
92  48355  4 5 2     15
92  48355  4 6 2     42
92  48355  5 5 2     36
92  48355  5 6 2     33
92  48355  6 5 2     31
92  48355  6 6 2     32
92  48355  7 5 2     25
92  48355  7 6 2     23
92  48355  8 5 2     21
92  48355  8 6 2     24
92  48355  9 5 2     19
92  48355  9 6 2     13
92  48355 10 5 2      9
92  48355 10 6 2     11
92  48355 11 5 2      6
92  48355 11 6 2      6
92  48355 12 5 2      4
92  48355 12 6 2      6
92  48355 13 5 2      7
92  48355 13 6 2      8
92  48355 14 5 2      5
92  48355 14 6 2      8
92  48355 15 5 2      0
92  48355 15 6 2      6
92  48355 16 5 2      2
92  48355 16 6 2      1
92  48355 17 5 2      1
92  48355 17 6 2      0
92  48355 18 5 2      1
92  48355 18 6 2      3
92  48355  0 7 2      5
92  48355  0 8 2      7
92  48355  1 7 2     33
92  48355  1 8 2     32
92  48355  2 7 2     48
92  48355  2 8 2     45
92  48355  3 7 2     38
92  48355  3 8 2     34
92  48355  4 7 2     32
92  48355  4 8 2     39
92  48355  5 7 2     30
92  48355  5 8 2     30
92  48355  6 7 2     39
92  48355  6 8 2     34
92  48355  7 7 2     19
92  48355  7 8 2     31
92  48355  8 7 2     23
92  48355  8 8 2     32
92  48355  9 7 2     17
92  48355  9 8 2     18
92  48355 10 7 2     12
92  48355 10 8 2     18
92  48355 11 7 2     11
92  48355 11 8 2     10
92  48355 12 7 2      6
92  48355 12 8 2     10
92  48355 13 7 2      2
92  48355 13 8 2      3
92  48355 14 7 2      4
92  48355 14 8 2      8
92  48355 15 7 2      1
92  48355 15 8 2      4
92  48355 16 7 2      1
92  48355 16 8 2      1
92  48355 17 7 2      2
92  48355 17 8 2      0
92  48355 18 7 2      0
92  48355 18 8 2      0