93  48355  0 1 1    801
93  48355  0 2 1    772
93  48355  1 1 1   3353
93  48355  1 2 1   3217
93  48355  2 1 1   4308
93  48355  2 2 1   4117
93  48355  3 1 1   4411
93  48355  3 2 1   4173
93  48355  4 1 1   3758
93  48355  4 2 1   3561
93  48355  5 1 1   3546
93  48355  5 2 1   3450
93  48355  6 1 1   4324
93  48355  6 2 1   4282
93  48355  7 1 1   5631
93  48355  7 2 1   5486
93  48355  8 1 1   5781
93  48355  8 2 1   5620
93  48355  9 1 1   5006
93  48355  9 2 1   4822
93  48355 10 1 1   4430
93  48355 10 2 1   4213
93  48355 11 1 1   3445
93  48355 11 2 1   3459
93  48355 12 1 1   2935
93  48355 12 2 1   3030
93  48355 13 1 1   2854
93  48355 13 2 1   3023
93  48355 14 1 1   2671
93  48355 14 2 1   3135
93  48355 15 1 1   2138
93  48355 15 2 1   2632
93  48355 16 1 1   1416
93  48355 16 2 1   2133
93  48355 17 1 1    809
93  48355 17 2 1   1468
93  48355 18 1 1    482
93  48355 18 2 1   1321
93  48355  0 3 1    108
93  48355  0 4 1    116
93  48355  1 3 1    506
93  48355  1 4 1    474
93  48355  2 3 1    639
93  48355  2 4 1    564
93  48355  3 3 1    585
93  48355  3 4 1    564
93  48355  4 3 1    548
93  48355  4 4 1    469
93  48355  5 3 1    409
93  48355  5 4 1    408
93  48355  6 3 1    489
93  48355  6 4 1    493
93  48355  7 3 1    473
93  48355  7 4 1    482
93  48355  8 3 1    510
93  48355  8 4 1    491
93  48355  9 3 1    386
93  48355  9 4 1    416
93  48355 10 3 1    299
93  48355 10 4 1    350
93  48355 11 3 1    230
93  48355 11 4 1    263
93  48355 12 3 1    213
93  48355 12 4 1    247
93  48355 13 3 1    214
93  48355 13 4 1    267
93  48355 14 3 1    213
93  48355 14 4 1    259
93  48355 15 3 1    146
93  48355 15 4 1    233
93  48355 16 3 1    111
93  48355 16 4 1    164
93  48355 17 3 1     61
93  48355 17 4 1    123
93  48355 18 3 1     38
93  48355 18 4 1    109
93  48355  0 5 1      3
93  48355  0 6 1      4
93  48355  1 5 1     23
93  48355  1 6 1     21
93  48355  2 5 1     30
93  48355  2 6 1     33
93  48355  3 5 1     38
93  48355  3 6 1     41
93  48355  4 5 1     39
93  48355  4 6 1     29
93  48355  5 5 1     50
93  48355  5 6 1     27
93  48355  6 5 1     29
93  48355  6 6 1     27
93  48355  7 5 1     51
93  48355  7 6 1     38
93  48355  8 5 1     43
93  48355  8 6 1     49
93  48355  9 5 1     37
93  48355  9 6 1     42
93  48355 10 5 1     29
93  48355 10 6 1     25
93  48355 11 5 1     24
93  48355 11 6 1     31
93  48355 12 5 1     20
93  48355 12 6 1     23
93  48355 13 5 1     20
93  48355 13 6 1     15
93  48355 14 5 1     17
93  48355 14 6 1     15
93  48355 15 5 1      9
93  48355 15 6 1      6
93  48355 16 5 1      6
93  48355 16 6 1      5
93  48355 17 5 1      3
93  48355 17 6 1      2
93  48355 18 5 1      0
93  48355 18 6 1      4
93  48355  0 7 1     18
93  48355  0 8 1     18
93  48355  1 7 1     70
93  48355  1 8 1     71
93  48355  2 7 1     88
93  48355  2 8 1    106
93  48355  3 7 1    123
93  48355  3 8 1    119
93  48355  4 7 1    100
93  48355  4 8 1    105
93  48355  5 7 1     96
93  48355  5 8 1     87
93  48355  6 7 1     97
93  48355  6 8 1    103
93  48355  7 7 1     96
93  48355  7 8 1    146
93  48355  8 7 1    101
93  48355  8 8 1    168
93  48355  9 7 1    113
93  48355  9 8 1    183
93  48355 10 7 1     79
93  48355 10 8 1    126
93  48355 11 7 1     68
93  48355 11 8 1     77
93  48355 12 7 1     37
93  48355 12 8 1     75
93  48355 13 7 1     24
93  48355 13 8 1     45
93  48355 14 7 1     26
93  48355 14 8 1     42
93  48355 15 7 1     19
93  48355 15 8 1     30
93  48355 16 7 1     10
93  48355 16 8 1     16
93  48355 17 7 1      5
93  48355 17 8 1      9
93  48355 18 7 1      2
93  48355 18 8 1      2
93  48355  0 1 2   1720
93  48355  0 2 2   1633
93  48355  1 1 2   6200
93  48355  1 2 2   6095
93  48355  2 1 2   7574
93  48355  2 2 2   7073
93  48355  3 1 2   8139
93  48355  3 2 2   7746
93  48355  4 1 2   7580
93  48355  4 2 2   7292
93  48355  5 1 2   6143
93  48355  5 2 2   6543
93  48355  6 1 2   6416
93  48355  6 2 2   6605
93  48355  7 1 2   6626
93  48355  7 2 2   6767
93  48355  8 1 2   5973
93  48355  8 2 2   6237
93  48355  9 1 2   5146
93  48355  9 2 2   5440
93  48355 10 1 2   3860
93  48355 10 2 2   4245
93  48355 11 1 2   2832
93  48355 11 2 2   3300
93  48355 12 1 2   2410
93  48355 12 2 2   2917
93  48355 13 1 2   2087
93  48355 13 2 2   2613
93  48355 14 1 2   1837
93  48355 14 2 2   2525
93  48355 15 1 2   1414
93  48355 15 2 2   1804
93  48355 16 1 2    823
93  48355 16 2 2   1265
93  48355 17 1 2    528
93  48355 17 2 2    858
93  48355 18 1 2    328
93  48355 18 2 2    632
93  48355  0 3 2     18
93  48355  0 4 2     14
93  48355  1 3 2     75
93  48355  1 4 2     75
93  48355  2 3 2     73
93  48355  2 4 2     67
93  48355  3 3 2     67
93  48355  3 4 2     66
93  48355  4 3 2     54
93  48355  4 4 2     56
93  48355  5 3 2     49
93  48355  5 4 2     51
93  48355  6 3 2     39
93  48355  6 4 2     43
93  48355  7 3 2     50
93  48355  7 4 2     44
93  48355  8 3 2     38
93  48355  8 4 2     40
93  48355  9 3 2     23
93  48355  9 4 2     30
93  48355 10 3 2     25
93  48355 10 4 2     22
93  48355 11 3 2     11
93  48355 11 4 2     12
93  48355 12 3 2     10
93  48355 12 4 2     13
93  48355 13 3 2      7
93  48355 13 4 2     14
93  48355 14 3 2      8
93  48355 14 4 2      9
93  48355 15 3 2      6
93  48355 15 4 2     13
93  48355 16 3 2      3
93  48355 16 4 2      5
93  48355 17 3 2      4
93  48355 17 4 2      3
93  48355 18 3 2      0
93  48355 18 4 2      3
93  48355  0 5 2      7
93  48355  0 6 2      5
93  48355  1 5 2     28
93  48355  1 6 2     35
93  48355  2 5 2     44
93  48355  2 6 2     42
93  48355  3 5 2     42
93  48355  3 6 2     39
93  48355  4 5 2     22
93  48355  4 6 2     49
93  48355  5 5 2     40
93  48355  5 6 2     38
93  48355  6 5 2     34
93  48355  6 6 2     35
93  48355  7 5 2     29
93  48355  7 6 2     27
93  48355  8 5 2     26
93  48355  8 6 2     28
93  48355  9 5 2     23
93  48355  9 6 2     16
93  48355 10 5 2     14
93  48355 10 6 2     15
93  48355 11 5 2      8
93  48355 11 6 2      7
93  48355 12 5 2      4
93  48355 12 6 2      8
93  48355 13 5 2      5
93  48355 13 6 2     10
93  48355 14 5 2      7
93  48355 14 6 2      8
93  48355 15 5 2      0
93  48355 15 6 2      5
93  48355 16 5 2      1
93  48355 16 6 2      2
93  48355 17 5 2      1
93  48355 17 6 2      1
93  48355 18 5 2      2
93  48355 18 6 2      3
93  48355  0 7 2      6
93  48355  0 8 2      7
93  48355  1 7 2     36
93  48355  1 8 2     35
93  48355  2 7 2     49
93  48355  2 8 2     46
93  48355  3 7 2     40
93  48355  3 8 2     37
93  48355  4 7 2     34
93  48355  4 8 2     38
93  48355  5 7 2     30
93  48355  5 8 2     31
93  48355  6 7 2     39
93  48355  6 8 2     36
93  48355  7 7 2     22
93  48355  7 8 2     31
93  48355  8 7 2     24
93  48355  8 8 2     32
93  48355  9 7 2     19
93  48355  9 8 2     18
93  48355 10 7 2     13
93  48355 10 8 2     18
93  48355 11 7 2     10
93  48355 11 8 2     10
93  48355 12 7 2      5
93  48355 12 8 2     10
93  48355 13 7 2      2
93  48355 13 8 2      3
93  48355 14 7 2      3
93  48355 14 8 2      8
93  48355 15 7 2      1
93  48355 15 8 2      3
93  48355 16 7 2      1
93  48355 16 8 2      1
93  48355 17 7 2      1
93  48355 17 8 2      0
93  48355 18 7 2      0
93  48355 18 8 2      0