95  48355  0 1 1    737
95  48355  0 2 1    728
95  48355  1 1 1   3166
95  48355  1 2 1   3074
95  48355  2 1 1   4108
95  48355  2 2 1   3959
95  48355  3 1 1   4396
95  48355  3 2 1   4125
95  48355  4 1 1   3920
95  48355  4 2 1   3750
95  48355  5 1 1   3500
95  48355  5 2 1   3469
95  48355  6 1 1   4111
95  48355  6 2 1   3990
95  48355  7 1 1   5145
95  48355  7 2 1   5059
95  48355  8 1 1   5753
95  48355  8 2 1   5625
95  48355  9 1 1   5241
95  48355  9 2 1   5060
95  48355 10 1 1   4831
95  48355 10 2 1   4583
95  48355 11 1 1   3746
95  48355 11 2 1   3723
95  48355 12 1 1   3027
95  48355 12 2 1   3032
95  48355 13 1 1   2791
95  48355 13 2 1   2945
95  48355 14 1 1   2639
95  48355 14 2 1   3058
95  48355 15 1 1   2243
95  48355 15 2 1   2751
95  48355 16 1 1   1544
95  48355 16 2 1   2193
95  48355 17 1 1    877
95  48355 17 2 1   1522
95  48355 18 1 1    518
95  48355 18 2 1   1430
95  48355  0 3 1    104
95  48355  0 4 1    111
95  48355  1 3 1    498
95  48355  1 4 1    475
95  48355  2 3 1    667
95  48355  2 4 1    592
95  48355  3 3 1    591
95  48355  3 4 1    569
95  48355  4 3 1    577
95  48355  4 4 1    498
95  48355  5 3 1    429
95  48355  5 4 1    429
95  48355  6 3 1    474
95  48355  6 4 1    457
95  48355  7 3 1    472
95  48355  7 4 1    470
95  48355  8 3 1    523
95  48355  8 4 1    515
95  48355  9 3 1    435
95  48355  9 4 1    446
95  48355 10 3 1    349
95  48355 10 4 1    395
95  48355 11 3 1    255
95  48355 11 4 1    280
95  48355 12 3 1    213
95  48355 12 4 1    256
95  48355 13 3 1    215
95  48355 13 4 1    263
95  48355 14 3 1    210
95  48355 14 4 1    253
95  48355 15 3 1    142
95  48355 15 4 1    227
95  48355 16 3 1    116
95  48355 16 4 1    173
95  48355 17 3 1     57
95  48355 17 4 1    129
95  48355 18 3 1     43
95  48355 18 4 1    110
95  48355  0 5 1      5
95  48355  0 6 1      4
95  48355  1 5 1     18
95  48355  1 6 1     18
95  48355  2 5 1     33
95  48355  2 6 1     36
95  48355  3 5 1     36
95  48355  3 6 1     42
95  48355  4 5 1     43
95  48355  4 6 1     33
95  48355  5 5 1     46
95  48355  5 6 1     32
95  48355  6 5 1     31
95  48355  6 6 1     27
95  48355  7 5 1     48
95  48355  7 6 1     38
95  48355  8 5 1     44
95  48355  8 6 1     55
95  48355  9 5 1     43
95  48355  9 6 1     50
95  48355 10 5 1     31
95  48355 10 6 1     31
95  48355 11 5 1     27
95  48355 11 6 1     36
95  48355 12 5 1     23
95  48355 12 6 1     26
95  48355 13 5 1     22
95  48355 13 6 1     17
95  48355 14 5 1     20
95  48355 14 6 1     14
95  48355 15 5 1     10
95  48355 15 6 1      8
95  48355 16 5 1      6
95  48355 16 6 1      5
95  48355 17 5 1      3
95  48355 17 6 1      2
95  48355 18 5 1      0
95  48355 18 6 1      4
95  48355  0 7 1     21
95  48355  0 8 1     20
95  48355  1 7 1     81
95  48355  1 8 1     83
95  48355  2 7 1     94
95  48355  2 8 1    111
95  48355  3 7 1    136
95  48355  3 8 1    128
95  48355  4 7 1    119
95  48355  4 8 1    123
95  48355  5 7 1    115
95  48355  5 8 1     98
95  48355  6 7 1    110
95  48355  6 8 1    122
95  48355  7 7 1    110
95  48355  7 8 1    158
95  48355  8 7 1    115
95  48355  8 8 1    185
95  48355  9 7 1    124
95  48355  9 8 1    203
95  48355 10 7 1     97
95  48355 10 8 1    159
95  48355 11 7 1     82
95  48355 11 8 1     99
95  48355 12 7 1     50
95  48355 12 8 1     87
95  48355 13 7 1     33
95  48355 13 8 1     51
95  48355 14 7 1     28
95  48355 14 8 1     49
95  48355 15 7 1     22
95  48355 15 8 1     35
95  48355 16 7 1     11
95  48355 16 8 1     22
95  48355 17 7 1      5
95  48355 17 8 1     11
95  48355 18 7 1      4
95  48355 18 8 1      2
95  48355  0 1 2   1697
95  48355  0 2 2   1642
95  48355  1 1 2   6525
95  48355  1 2 2   6362
95  48355  2 1 2   7500
95  48355  2 2 2   6990
95  48355  3 1 2   8031
95  48355  3 2 2   7688
95  48355  4 1 2   7834
95  48355  4 2 2   7472
95  48355  5 1 2   6457
95  48355  5 2 2   6850
95  48355  6 1 2   6182
95  48355  6 2 2   6508
95  48355  7 1 2   6676
95  48355  7 2 2   6818
95  48355  8 1 2   6207
95  48355  8 2 2   6561
95  48355  9 1 2   5469
95  48355  9 2 2   5820
95  48355 10 1 2   4351
95  48355 10 2 2   4757
95  48355 11 1 2   3194
95  48355 11 2 2   3646
95  48355 12 1 2   2509
95  48355 12 2 2   2973
95  48355 13 1 2   2118
95  48355 13 2 2   2637
95  48355 14 1 2   1842
95  48355 14 2 2   2572
95  48355 15 1 2   1532
95  48355 15 2 2   1996
95  48355 16 1 2    853
95  48355 16 2 2   1317
95  48355 17 1 2    559
95  48355 17 2 2    909
95  48355 18 1 2    344
95  48355 18 2 2    705
95  48355  0 3 2     20
95  48355  0 4 2     17
95  48355  1 3 2     84
95  48355  1 4 2     87
95  48355  2 3 2     87
95  48355  2 4 2     75
95  48355  3 3 2     68
95  48355  3 4 2     72
95  48355  4 3 2     62
95  48355  4 4 2     63
95  48355  5 3 2     46
95  48355  5 4 2     57
95  48355  6 3 2     38
95  48355  6 4 2     49
95  48355  7 3 2     49
95  48355  7 4 2     46
95  48355  8 3 2     37
95  48355  8 4 2     47
95  48355  9 3 2     24
95  48355  9 4 2     34
95  48355 10 3 2     27
95  48355 10 4 2     25
95  48355 11 3 2     10
95  48355 11 4 2     11
95  48355 12 3 2      9
95  48355 12 4 2     14
95  48355 13 3 2      6
95  48355 13 4 2     13
95  48355 14 3 2      7
95  48355 14 4 2      8
95  48355 15 3 2      7
95  48355 15 4 2     11
95  48355 16 3 2      2
95  48355 16 4 2      4
95  48355 17 3 2      4
95  48355 17 4 2      2
95  48355 18 3 2      0
95  48355 18 4 2      3
95  48355  0 5 2     11
95  48355  0 6 2      9
95  48355  1 5 2     36
95  48355  1 6 2     41
95  48355  2 5 2     55
95  48355  2 6 2     57
95  48355  3 5 2     51
95  48355  3 6 2     52
95  48355  4 5 2     35
95  48355  4 6 2     56
95  48355  5 5 2     51
95  48355  5 6 2     50
95  48355  6 5 2     44
95  48355  6 6 2     42
95  48355  7 5 2     36
95  48355  7 6 2     35
95  48355  8 5 2     29
95  48355  8 6 2     33
95  48355  9 5 2     29
95  48355  9 6 2     23
95  48355 10 5 2     21
95  48355 10 6 2     21
95  48355 11 5 2     16
95  48355 11 6 2     14
95  48355 12 5 2      4
95  48355 12 6 2     11
95  48355 13 5 2      9
95  48355 13 6 2     12
95  48355 14 5 2     10
95  48355 14 6 2     10
95  48355 15 5 2      0
95  48355 15 6 2      7
95  48355 16 5 2      2
95  48355 16 6 2      2
95  48355 17 5 2      1
95  48355 17 6 2      1
95  48355 18 5 2      2
95  48355 18 6 2      4
95  48355  0 7 2      7
95  48355  0 8 2      9
95  48355  1 7 2     39
95  48355  1 8 2     41
95  48355  2 7 2     50
95  48355  2 8 2     43
95  48355  3 7 2     40
95  48355  3 8 2     41
95  48355  4 7 2     35
95  48355  4 8 2     35
95  48355  5 7 2     28
95  48355  5 8 2     32
95  48355  6 7 2     41
95  48355  6 8 2     35
95  48355  7 7 2     23
95  48355  7 8 2     33
95  48355  8 7 2     25
95  48355  8 8 2     35
95  48355  9 7 2     22
95  48355  9 8 2     17
95  48355 10 7 2     16
95  48355 10 8 2     21
95  48355 11 7 2      8
95  48355 11 8 2     10
95  48355 12 7 2      6
95  48355 12 8 2      9
95  48355 13 7 2      3
95  48355 13 8 2      3
95  48355 14 7 2      3
95  48355 14 8 2      7
95  48355 15 7 2      2
95  48355 15 8 2      4
95  48355 16 7 2      2
95  48355 16 8 2      2
95  48355 17 7 2      1
95  48355 17 8 2      0
95  48355 18 7 2      0
95  48355 18 8 2      0