96  48355  0 1 1    725
96  48355  0 2 1    723
96  48355  1 1 1   3037
96  48355  1 2 1   2970
96  48355  2 1 1   4040
96  48355  2 2 1   3908
96  48355  3 1 1   4386
96  48355  3 2 1   4096
96  48355  4 1 1   4025
96  48355  4 2 1   3870
96  48355  5 1 1   3436
96  48355  5 2 1   3376
96  48355  6 1 1   4093
96  48355  6 2 1   3919
96  48355  7 1 1   4783
96  48355  7 2 1   4701
96  48355  8 1 1   5662
96  48355  8 2 1   5536
96  48355  9 1 1   5324
96  48355  9 2 1   5145
96  48355 10 1 1   5059
96  48355 10 2 1   4795
96  48355 11 1 1   3783
96  48355 11 2 1   3729
96  48355 12 1 1   3080
96  48355 12 2 1   3043
96  48355 13 1 1   2734
96  48355 13 2 1   2872
96  48355 14 1 1   2622
96  48355 14 2 1   3031
96  48355 15 1 1   2254
96  48355 15 2 1   2756
96  48355 16 1 1   1631
96  48355 16 2 1   2263
96  48355 17 1 1    911
96  48355 17 2 1   1531
96  48355 18 1 1    540
96  48355 18 2 1   1479
96  48355  0 3 1    101
96  48355  0 4 1    108
96  48355  1 3 1    494
96  48355  1 4 1    475
96  48355  2 3 1    673
96  48355  2 4 1    600
96  48355  3 3 1    599
96  48355  3 4 1    574
96  48355  4 3 1    596
96  48355  4 4 1    514
96  48355  5 3 1    432
96  48355  5 4 1    432
96  48355  6 3 1    480
96  48355  6 4 1    448
96  48355  7 3 1    469
96  48355  7 4 1    457
96  48355  8 3 1    522
96  48355  8 4 1    516
96  48355  9 3 1    460
96  48355  9 4 1    455
96  48355 10 3 1    376
96  48355 10 4 1    416
96  48355 11 3 1    263
96  48355 11 4 1    281
96  48355 12 3 1    216
96  48355 12 4 1    257
96  48355 13 3 1    215
96  48355 13 4 1    259
96  48355 14 3 1    205
96  48355 14 4 1    246
96  48355 15 3 1    141
96  48355 15 4 1    227
96  48355 16 3 1    119
96  48355 16 4 1    177
96  48355 17 3 1     56
96  48355 17 4 1    131
96  48355 18 3 1     45
96  48355 18 4 1    110
96  48355  0 5 1      5
96  48355  0 6 1      6
96  48355  1 5 1     20
96  48355  1 6 1     21
96  48355  2 5 1     30
96  48355  2 6 1     37
96  48355  3 5 1     33
96  48355  3 6 1     43
96  48355  4 5 1     46
96  48355  4 6 1     36
96  48355  5 5 1     44
96  48355  5 6 1     33
96  48355  6 5 1     34
96  48355  6 6 1     28
96  48355  7 5 1     47
96  48355  7 6 1     37
96  48355  8 5 1     43
96  48355  8 6 1     56
96  48355  9 5 1     48
96  48355  9 6 1     52
96  48355 10 5 1     35
96  48355 10 6 1     32
96  48355 11 5 1     30
96  48355 11 6 1     38
96  48355 12 5 1     25
96  48355 12 6 1     28
96  48355 13 5 1     22
96  48355 13 6 1     16
96  48355 14 5 1     20
96  48355 14 6 1     15
96  48355 15 5 1     11
96  48355 15 6 1      8
96  48355 16 5 1      6
96  48355 16 6 1      5
96  48355 17 5 1      3
96  48355 17 6 1      1
96  48355 18 5 1      0
96  48355 18 6 1      5
96  48355  0 7 1     24
96  48355  0 8 1     22
96  48355  1 7 1     85
96  48355  1 8 1     90
96  48355  2 7 1    102
96  48355  2 8 1    119
96  48355  3 7 1    138
96  48355  3 8 1    134
96  48355  4 7 1    130
96  48355  4 8 1    133
96  48355  5 7 1    118
96  48355  5 8 1    105
96  48355  6 7 1    120
96  48355  6 8 1    131
96  48355  7 7 1    121
96  48355  7 8 1    167
96  48355  8 7 1    124
96  48355  8 8 1    190
96  48355  9 7 1    133
96  48355  9 8 1    212
96  48355 10 7 1    107
96  48355 10 8 1    174
96  48355 11 7 1     91
96  48355 11 8 1    115
96  48355 12 7 1     53
96  48355 12 8 1     93
96  48355 13 7 1     38
96  48355 13 8 1     55
96  48355 14 7 1     31
96  48355 14 8 1     52
96  48355 15 7 1     22
96  48355 15 8 1     37
96  48355 16 7 1     12
96  48355 16 8 1     23
96  48355 17 7 1      6
96  48355 17 8 1     13
96  48355 18 7 1      4
96  48355 18 8 1      3
96  48355  0 1 2   1667
96  48355  0 2 2   1641
96  48355  1 1 2   6574
96  48355  1 2 2   6391
96  48355  2 1 2   7609
96  48355  2 2 2   7110
96  48355  3 1 2   7989
96  48355  3 2 2   7623
96  48355  4 1 2   8000
96  48355  4 2 2   7616
96  48355  5 1 2   6537
96  48355  5 2 2   6941
96  48355  6 1 2   6173
96  48355  6 2 2   6559
96  48355  7 1 2   6528
96  48355  7 2 2   6708
96  48355  8 1 2   6284
96  48355  8 2 2   6700
96  48355  9 1 2   5601
96  48355  9 2 2   5997
96  48355 10 1 2   4611
96  48355 10 2 2   5008
96  48355 11 1 2   3389
96  48355 11 2 2   3832
96  48355 12 1 2   2579
96  48355 12 2 2   3016
96  48355 13 1 2   2127
96  48355 13 2 2   2659
96  48355 14 1 2   1858
96  48355 14 2 2   2581
96  48355 15 1 2   1545
96  48355 15 2 2   2048
96  48355 16 1 2    904
96  48355 16 2 2   1403
96  48355 17 1 2    559
96  48355 17 2 2    910
96  48355 18 1 2    357
96  48355 18 2 2    750
96  48355  0 3 2     23
96  48355  0 4 2     18
96  48355  1 3 2     88
96  48355  1 4 2     93
96  48355  2 3 2     92
96  48355  2 4 2     80
96  48355  3 3 2     71
96  48355  3 4 2     73
96  48355  4 3 2     66
96  48355  4 4 2     68
96  48355  5 3 2     44
96  48355  5 4 2     60
96  48355  6 3 2     37
96  48355  6 4 2     56
96  48355  7 3 2     48
96  48355  7 4 2     48
96  48355  8 3 2     36
96  48355  8 4 2     49
96  48355  9 3 2     23
96  48355  9 4 2     35
96  48355 10 3 2     26
96  48355 10 4 2     28
96  48355 11 3 2     10
96  48355 11 4 2     12
96  48355 12 3 2      9
96  48355 12 4 2     14
96  48355 13 3 2      6
96  48355 13 4 2     14
96  48355 14 3 2      6
96  48355 14 4 2      7
96  48355 15 3 2      6
96  48355 15 4 2     11
96  48355 16 3 2      2
96  48355 16 4 2      3
96  48355 17 3 2      4
96  48355 17 4 2      2
96  48355 18 3 2      0
96  48355 18 4 2      4
96  48355  0 5 2     16
96  48355  0 6 2     11
96  48355  1 5 2     37
96  48355  1 6 2     45
96  48355  2 5 2     60
96  48355  2 6 2     61
96  48355  3 5 2     55
96  48355  3 6 2     56
96  48355  4 5 2     40
96  48355  4 6 2     61
96  48355  5 5 2     56
96  48355  5 6 2     55
96  48355  6 5 2     48
96  48355  6 6 2     46
96  48355  7 5 2     40
96  48355  7 6 2     37
96  48355  8 5 2     34
96  48355  8 6 2     36
96  48355  9 5 2     35
96  48355  9 6 2     28
96  48355 10 5 2     21
96  48355 10 6 2     24
96  48355 11 5 2     19
96  48355 11 6 2     15
96  48355 12 5 2      6
96  48355 12 6 2     12
96  48355 13 5 2     10
96  48355 13 6 2     13
96  48355 14 5 2      9
96  48355 14 6 2     12
96  48355 15 5 2      0
96  48355 15 6 2      9
96  48355 16 5 2      3
96  48355 16 6 2      3
96  48355 17 5 2      2
96  48355 17 6 2      2
96  48355 18 5 2      2
96  48355 18 6 2      4
96  48355  0 7 2     10
96  48355  0 8 2      8
96  48355  1 7 2     40
96  48355  1 8 2     46
96  48355  2 7 2     52
96  48355  2 8 2     41
96  48355  3 7 2     39
96  48355  3 8 2     43
96  48355  4 7 2     36
96  48355  4 8 2     34
96  48355  5 7 2     26
96  48355  5 8 2     31
96  48355  6 7 2     42
96  48355  6 8 2     35
96  48355  7 7 2     25
96  48355  7 8 2     33
96  48355  8 7 2     25
96  48355  8 8 2     34
96  48355  9 7 2     22
96  48355  9 8 2     17
96  48355 10 7 2     19
96  48355 10 8 2     23
96  48355 11 7 2      8
96  48355 11 8 2     11
96  48355 12 7 2      6
96  48355 12 8 2     10
96  48355 13 7 2      3
96  48355 13 8 2      3
96  48355 14 7 2      3
96  48355 14 8 2      6
96  48355 15 7 2      2
96  48355 15 8 2      4
96  48355 16 7 2      1
96  48355 16 8 2      4
96  48355 17 7 2      2