97  48355  0 1 1    684
97  48355  0 2 1    686
97  48355  1 1 1   2920
97  48355  1 2 1   2874
97  48355  2 1 1   3925
97  48355  2 2 1   3808
97  48355  3 1 1   4309
97  48355  3 2 1   4004
97  48355  4 1 1   4105
97  48355  4 2 1   3975
97  48355  5 1 1   3394
97  48355  5 2 1   3340
97  48355  6 1 1   4021
97  48355  6 2 1   3812
97  48355  7 1 1   4396
97  48355  7 2 1   4330
97  48355  8 1 1   5518
97  48355  8 2 1   5411
97  48355  9 1 1   5417
97  48355  9 2 1   5225
97  48355 10 1 1   4998
97  48355 10 2 1   4744
97  48355 11 1 1   4126
97  48355 11 2 1   4051
97  48355 12 1 1   3168
97  48355 12 2 1   3084
97  48355 13 1 1   2713
97  48355 13 2 1   2839
97  48355 14 1 1   2564
97  48355 14 2 1   2944
97  48355 15 1 1   2238
97  48355 15 2 1   2731
97  48355 16 1 1   1722
97  48355 16 2 1   2325
97  48355 17 1 1    935
97  48355 17 2 1   1530
97  48355 18 1 1    559
97  48355 18 2 1   1515
97  48355  0 3 1    103
97  48355  0 4 1    110
97  48355  1 3 1    481
97  48355  1 4 1    466
97  48355  2 3 1    671
97  48355  2 4 1    598
97  48355  3 3 1    599
97  48355  3 4 1    577
97  48355  4 3 1    609
97  48355  4 4 1    528
97  48355  5 3 1    431
97  48355  5 4 1    438
97  48355  6 3 1    487
97  48355  6 4 1    442
97  48355  7 3 1    454
97  48355  7 4 1    438
97  48355  8 3 1    515
97  48355  8 4 1    516
97  48355  9 3 1    485
97  48355  9 4 1    468
97  48355 10 3 1    392
97  48355 10 4 1    426
97  48355 11 3 1    277
97  48355 11 4 1    293
97  48355 12 3 1    223
97  48355 12 4 1    265
97  48355 13 3 1    212
97  48355 13 4 1    253
97  48355 14 3 1    199
97  48355 14 4 1    238
97  48355 15 3 1    139
97  48355 15 4 1    223
97  48355 16 3 1    122
97  48355 16 4 1    183
97  48355 17 3 1     54
97  48355 17 4 1    134
97  48355 18 3 1     47
97  48355 18 4 1    109
97  48355  0 5 1      6
97  48355  0 6 1      5
97  48355  1 5 1     19
97  48355  1 6 1     21
97  48355  2 5 1     29
97  48355  2 6 1     38
97  48355  3 5 1     34
97  48355  3 6 1     43
97  48355  4 5 1     47
97  48355  4 6 1     40
97  48355  5 5 1     41
97  48355  5 6 1     35
97  48355  6 5 1     33
97  48355  6 6 1     27
97  48355  7 5 1     45
97  48355  7 6 1     35
97  48355  8 5 1     42
97  48355  8 6 1     57
97  48355  9 5 1     48
97  48355  9 6 1     53
97  48355 10 5 1     34
97  48355 10 6 1     35
97  48355 11 5 1     33
97  48355 11 6 1     42
97  48355 12 5 1     31
97  48355 12 6 1     30
97  48355 13 5 1     22
97  48355 13 6 1     15
97  48355 14 5 1     19
97  48355 14 6 1     15
97  48355 15 5 1     12
97  48355 15 6 1      9
97  48355 16 5 1      7
97  48355 16 6 1      5
97  48355 17 5 1      3
97  48355 17 6 1      2
97  48355 18 5 1      0
97  48355 18 6 1      5
97  48355  0 7 1     25
97  48355  0 8 1     23
97  48355  1 7 1     90
97  48355  1 8 1     95
97  48355  2 7 1    113
97  48355  2 8 1    128
97  48355  3 7 1    143
97  48355  3 8 1    138
97  48355  4 7 1    137
97  48355  4 8 1    142
97  48355  5 7 1    124
97  48355  5 8 1    108
97  48355  6 7 1    125
97  48355  6 8 1    139
97  48355  7 7 1    129
97  48355  7 8 1    176
97  48355  8 7 1    133
97  48355  8 8 1    196
97  48355  9 7 1    136
97  48355  9 8 1    218
97  48355 10 7 1    114
97  48355 10 8 1    188
97  48355 11 7 1    101
97  48355 11 8 1    129
97  48355 12 7 1     57
97  48355 12 8 1     99
97  48355 13 7 1     43
97  48355 13 8 1     56
97  48355 14 7 1     32
97  48355 14 8 1     57
97  48355 15 7 1     23
97  48355 15 8 1     39
97  48355 16 7 1     12
97  48355 16 8 1     27
97  48355 17 7 1      6
97  48355 17 8 1     12
97  48355 18 7 1      4
97  48355 18 8 1      3
97  48355  0 1 2   1699
97  48355  0 2 2   1692
97  48355  1 1 2   6537
97  48355  1 2 2   6343
97  48355  2 1 2   7820
97  48355  2 2 2   7334
97  48355  3 1 2   7939
97  48355  3 2 2   7574
97  48355  4 1 2   8138
97  48355  4 2 2   7730
97  48355  5 1 2   6648
97  48355  5 2 2   7049
97  48355  6 1 2   6176
97  48355  6 2 2   6639
97  48355  7 1 2   6408
97  48355  7 2 2   6620
97  48355  8 1 2   6295
97  48355  8 2 2   6761
97  48355  9 1 2   5740
97  48355  9 2 2   6178
97  48355 10 1 2   4747
97  48355 10 2 2   5117
97  48355 11 1 2   3712
97  48355 11 2 2   4153
97  48355 12 1 2   2656
97  48355 12 2 2   3079
97  48355 13 1 2   2159
97  48355 13 2 2   2707
97  48355 14 1 2   1858
97  48355 14 2 2   2559
97  48355 15 1 2   1539
97  48355 15 2 2   2087
97  48355 16 1 2    964
97  48355 16 2 2   1490
97  48355 17 1 2    561
97  48355 17 2 2    900
97  48355 18 1 2    367
97  48355 18 2 2    786
97  48355  0 3 2     21
97  48355  0 4 2     17
97  48355  1 3 2     93
97  48355  1 4 2     99
97  48355  2 3 2     99
97  48355  2 4 2     82
97  48355  3 3 2     70
97  48355  3 4 2     75
97  48355  4 3 2     69
97  48355  4 4 2     72
97  48355  5 3 2     41
97  48355  5 4 2     64
97  48355  6 3 2     36
97  48355  6 4 2     58
97  48355  7 3 2     46
97  48355  7 4 2     46
97  48355  8 3 2     34
97  48355  8 4 2     50
97  48355  9 3 2     23
97  48355  9 4 2     35
97  48355 10 3 2     27
97  48355 10 4 2     30
97  48355 11 3 2     10
97  48355 11 4 2     12
97  48355 12 3 2     10
97  48355 12 4 2     13
97  48355 13 3 2      6
97  48355 13 4 2     12
97  48355 14 3 2      5
97  48355 14 4 2      6
97  48355 15 3 2      6
97  48355 15 4 2     10
97  48355 16 3 2      2
97  48355 16 4 2      3
97  48355 17 3 2      3
97  48355 17 4 2      2
97  48355 18 3 2      0
97  48355 18 4 2      4
97  48355  0 5 2     18
97  48355  0 6 2     13
97  48355  1 5 2     52
97  48355  1 6 2     57
97  48355  2 5 2     65
97  48355  2 6 2     68
97  48355  3 5 2     59
97  48355  3 6 2     63
97  48355  4 5 2     51
97  48355  4 6 2     72
97  48355  5 5 2     60
97  48355  5 6 2     63
97  48355  6 5 2     53
97  48355  6 6 2     50
97  48355  7 5 2     44
97  48355  7 6 2     40
97  48355  8 5 2     38
97  48355  8 6 2     42
97  48355  9 5 2     38
97  48355  9 6 2     34
97  48355 10 5 2     30
97  48355 10 6 2     30
97  48355 11 5 2     28
97  48355 11 6 2     19
97  48355 12 5 2      9
97  48355 12 6 2     11
97  48355 13 5 2     12
97  48355 13 6 2     14
97  48355 14 5 2     12
97  48355 14 6 2     12
97  48355 15 5 2      0
97  48355 15 6 2      9
97  48355 16 5 2      4
97  48355 16 6 2      3
97  48355 17 5 2      2
97  48355 17 6 2      2
97  48355 18 5 2      2
97  48355 18 6 2      7
97  48355  0 7 2      9
97  48355  0 8 2      8
97  48355  1 7 2     43
97  48355  1 8 2     51
97  48355  2 7 2     52
97  48355  2 8 2     39
97  48355  3 7 2     38
97  48355  3 8 2     44
97  48355  4 7 2     39
97  48355  4 8 2     32
97  48355  5 7 2     25
97  48355  5 8 2     29
97  48355  6 7 2     41
97  48355  6 8 2     35
97  48355  7 7 2     25
97  48355  7 8 2     33
97  48355  8 7 2     24
97  48355  8 8 2     32
97  48355  9 7 2     26
97  48355  9 8 2     17
97  48355 10 7 2     20
97  48355 10 8 2     22
97  48355 11 7 2      7
97  48355 11 8 2     11
97  48355 12 7 2      6
97  48355 12 8 2     10
97  48355 13 7 2      3
97  48355 13 8 2      2
97  48355 14 7 2      2
97  48355 14 8 2      6
97  48355 15 7 2      4
97  48355 15 8 2      4
97  48355 16 7 2      2
97  48355 16 8 2      4
97  48355 17 7 2      2
97  48355 17 8 2      0
97  48355 18 7 2      0
97  48355 18 8 2      0