90  48355  0 1 1    873
90  48355  0 2 1    814
90  48355  1 1 1   3453
90  48355  1 2 1   3286
90  48355  2 1 1   4618
90  48355  2 2 1   4346
90  48355  3 1 1   4114
90  48355  3 2 1   3951
90  48355  4 1 1   3804
90  48355  4 2 1   3604
90  48355  5 1 1   3519
90  48355  5 2 1   3444
90  48355  6 1 1   5026
90  48355  6 2 1   5063
90  48355  7 1 1   5942
90  48355  7 2 1   5736
90  48355  8 1 1   5518
90  48355  8 2 1   5318
90  48355  9 1 1   4730
90  48355  9 2 1   4545
90  48355 10 1 1   3748
90  48355 10 2 1   3566
90  48355 11 1 1   3004
90  48355 11 2 1   3056
90  48355 12 1 1   2823
90  48355 12 2 1   3065
90  48355 13 1 1   2949
90  48355 13 2 1   3161
90  48355 14 1 1   2741
90  48355 14 2 1   3191
90  48355 15 1 1   1867
90  48355 15 2 1   2353
90  48355 16 1 1   1237
90  48355 16 2 1   2028
90  48355 17 1 1    709
90  48355 17 2 1   1339
90  48355 18 1 1    407
90  48355 18 2 1   1124
90  48355  0 3 1    108
90  48355  0 4 1    116
90  48355  1 3 1    476
90  48355  1 4 1    436
90  48355  2 3 1    612
90  48355  2 4 1    537
90  48355  3 3 1    541
90  48355  3 4 1    515
90  48355  4 3 1    550
90  48355  4 4 1    473
90  48355  5 3 1    387
90  48355  5 4 1    381
90  48355  6 3 1    498
90  48355  6 4 1    538
90  48355  7 3 1    461
90  48355  7 4 1    486
90  48355  8 3 1    458
90  48355  8 4 1    434
90  48355  9 3 1    316
90  48355  9 4 1    364
90  48355 10 3 1    256
90  48355 10 4 1    316
90  48355 11 3 1    206
90  48355 11 4 1    249
90  48355 12 3 1    217
90  48355 12 4 1    244
90  48355 13 3 1    208
90  48355 13 4 1    273
90  48355 14 3 1    224
90  48355 14 4 1    275
90  48355 15 3 1    140
90  48355 15 4 1    233
90  48355 16 3 1    110
90  48355 16 4 1    158
90  48355 17 3 1     64
90  48355 17 4 1    110
90  48355 18 3 1     30
90  48355 18 4 1     97
90  48355  0 5 1      4
90  48355  0 6 1      5
90  48355  1 5 1     25
90  48355  1 6 1     18
90  48355  2 5 1     26
90  48355  2 6 1     26
90  48355  3 5 1     40
90  48355  3 6 1     33
90  48355  4 5 1     37
90  48355  4 6 1     26
90  48355  5 5 1     45
90  48355  5 6 1     21
90  48355  6 5 1     30
90  48355  6 6 1     31
90  48355  7 5 1     53
90  48355  7 6 1     38
90  48355  8 5 1     39
90  48355  8 6 1     39
90  48355  9 5 1     29
90  48355  9 6 1     37
90  48355 10 5 1     24
90  48355 10 6 1     19
90  48355 11 5 1     16
90  48355 11 6 1     26
90  48355 12 5 1     14
90  48355 12 6 1     17
90  48355 13 5 1     19
90  48355 13 6 1     12
90  48355 14 5 1     15
90  48355 14 6 1     17
90  48355 15 5 1      4
90  48355 15 6 1      5
90  48355 16 5 1      5
90  48355 16 6 1      5
90  48355 17 5 1      3
90  48355 17 6 1      3
90  48355 18 5 1      0
90  48355 18 6 1      3
90  48355  0 7 1     13
90  48355  0 8 1     13
90  48355  1 7 1     55
90  48355  1 8 1     57
90  48355  2 7 1     77
90  48355  2 8 1    100
90  48355  3 7 1     99
90  48355  3 8 1     94
90  48355  4 7 1     89
90  48355  4 8 1     89
90  48355  5 7 1     68
90  48355  5 8 1     65
90  48355  6 7 1     73
90  48355  6 8 1     84
90  48355  7 7 1     72
90  48355  7 8 1    119
90  48355  8 7 1     77
90  48355  8 8 1    136
90  48355  9 7 1     93
90  48355  9 8 1    140
90  48355 10 7 1     58
90  48355 10 8 1     91
90  48355 11 7 1     46
90  48355 11 8 1     48
90  48355 12 7 1     24
90  48355 12 8 1     60
90  48355 13 7 1     15
90  48355 13 8 1     31
90  48355 14 7 1     20
90  48355 14 8 1     27
90  48355 15 7 1     12
90  48355 15 8 1     20
90  48355 16 7 1      5
90  48355 16 8 1     10
90  48355 17 7 1      3
90  48355 17 8 1      6
90  48355 18 7 1      2
90  48355 18 8 1      1
90  48355  0 1 2   1550
90  48355  0 2 2   1454
90  48355  1 1 2   5875
90  48355  1 2 2   5689
90  48355  2 1 2   7860
90  48355  2 2 2   7372
90  48355  3 1 2   7766
90  48355  3 2 2   7417
90  48355  4 1 2   7350
90  48355  4 2 2   7034
90  48355  5 1 2   5879
90  48355  5 2 2   6134
90  48355  6 1 2   6486
90  48355  6 2 2   6720
90  48355  7 1 2   6180
90  48355  7 2 2   6458
90  48355  8 1 2   5476
90  48355  8 2 2   5686
90  48355  9 1 2   4609
90  48355  9 2 2   4872
90  48355 10 1 2   3139
90  48355 10 2 2   3546
90  48355 11 1 2   2467
90  48355 11 2 2   2974
90  48355 12 1 2   2247
90  48355 12 2 2   2817
90  48355 13 1 2   2077
90  48355 13 2 2   2636
90  48355 14 1 2   1799
90  48355 14 2 2   2366
90  48355 15 1 2   1126
90  48355 15 2 2   1465
90  48355 16 1 2    833
90  48355 16 2 2   1244
90  48355 17 1 2    464
90  48355 17 2 2    736
90  48355 18 1 2    280
90  48355 18 2 2    506
90  48355  0 3 2     12
90  48355  0 4 2     11
90  48355  1 3 2     56
90  48355  1 4 2     52
90  48355  2 3 2     53
90  48355  2 4 2     53
90  48355  3 3 2     54
90  48355  3 4 2     49
90  48355  4 3 2     41
90  48355  4 4 2     42
90  48355  5 3 2     52
90  48355  5 4 2     41
90  48355  6 3 2     33
90  48355  6 4 2     28
90  48355  7 3 2     43
90  48355  7 4 2     34
90  48355  8 3 2     34
90  48355  8 4 2     28
90  48355  9 3 2     22
90  48355  9 4 2     25
90  48355 10 3 2     22
90  48355 10 4 2     16
90  48355 11 3 2     12
90  48355 11 4 2     12
90  48355 12 3 2     10
90  48355 12 4 2     14
90  48355 13 3 2      8
90  48355 13 4 2     14
90  48355 14 3 2     10
90  48355 14 4 2     13
90  48355 15 3 2      5
90  48355 15 4 2     14
90  48355 16 3 2      6
90  48355 16 4 2      8
90  48355 17 3 2      5
90  48355 17 4 2      4
90  48355 18 3 2      0
90  48355 18 4 2      2
90  48355  0 5 2      7
90  48355  0 6 2      4
90  48355  1 5 2     17
90  48355  1 6 2     27
90  48355  2 5 2     25
90  48355  2 6 2     28
90  48355  3 5 2     27
90  48355  3 6 2     21
90  48355  4 5 2     13
90  48355  4 6 2     31
90  48355  5 5 2     24
90  48355  5 6 2     24
90  48355  6 5 2     23
90  48355  6 6 2     26
90  48355  7 5 2     18
90  48355  7 6 2     17
90  48355  8 5 2     16
90  48355  8 6 2     17
90  48355  9 5 2     15
90  48355  9 6 2      8
90  48355 10 5 2      7
90  48355 10 6 2      7
90  48355 11 5 2      4
90  48355 11 6 2      5
90  48355 12 5 2      3
90  48355 12 6 2      6
90  48355 13 5 2      5
90  48355 13 6 2      6
90  48355 14 5 2      4
90  48355 14 6 2      7
90  48355 15 5 2      0
90  48355 15 6 2      4
90  48355 16 5 2      1
90  48355 16 6 2      1
90  48355 17 5 2      1
90  48355 17 6 2      1
90  48355 18 5 2      1
90  48355 18 6 2      1
90  48355  0 7 2      3
90  48355  0 8 2      6
90  48355  1 7 2     28
90  48355  1 8 2     27
90  48355  2 7 2     45
90  48355  2 8 2     44
90  48355  3 7 2     32
90  48355  3 8 2     28
90  48355  4 7 2     31
90  48355  4 8 2     43
90  48355  5 7 2     27
90  48355  5 8 2     26
90  48355  6 7 2     37
90  48355  6 8 2     34
90  48355  7 7 2     16
90  48355  7 8 2     28
90  48355  8 7 2     20
90  48355  8 8 2     30
90  48355  9 7 2     14
90  48355  9 8 2     16
90  48355 10 7 2      9
90  48355 10 8 2     16
90  48355 11 7 2     12
90  48355 11 8 2     10
90  48355 12 7 2      5
90  48355 12 8 2      9
90  48355 13 7 2      2
90  48355 13 8 2      4
90  48355 14 7 2      4
90  48355 14 8 2      8
90  48355 15 7 2      1
90  48355 15 8 2      2
90  48355 16 7 2      1
90  48355 16 8 2      1
90  48355 17 7 2      1
90  48355 17 8 2      0
90  48355 18 7 2      0
90  48355 18 8 2      0