91  48355  0 1 1    877
91  48355  0 2 1    830
91  48355  1 1 1   3415
91  48355  1 2 1   3259
91  48355  2 1 1   4548
91  48355  2 2 1   4299
91  48355  3 1 1   4239
91  48355  3 2 1   4047
91  48355  4 1 1   3715
91  48355  4 2 1   3525
91  48355  5 1 1   3498
91  48355  5 2 1   3457
91  48355  6 1 1   4799
91  48355  6 2 1   4826
91  48355  7 1 1   5906
91  48355  7 2 1   5715
91  48355  8 1 1   5617
91  48355  8 2 1   5436
91  48355  9 1 1   4954
91  48355  9 2 1   4784
91  48355 10 1 1   3842
91  48355 10 2 1   3655
91  48355 11 1 1   3110
91  48355 11 2 1   3147
91  48355 12 1 1   2839
91  48355 12 2 1   3033
91  48355 13 1 1   2947
91  48355 13 2 1   3143
91  48355 14 1 1   2717
91  48355 14 2 1   3186
91  48355 15 1 1   1980
91  48355 15 2 1   2461
91  48355 16 1 1   1307
91  48355 16 2 1   2072
91  48355 17 1 1    743
91  48355 17 2 1   1393
91  48355 18 1 1    429
91  48355 18 2 1   1190
91  48355  0 3 1    105
91  48355  0 4 1    113
91  48355  1 3 1    492
91  48355  1 4 1    454
91  48355  2 3 1    621
91  48355  2 4 1    546
91  48355  3 3 1    560
91  48355  3 4 1    531
91  48355  4 3 1    546
91  48355  4 4 1    464
91  48355  5 3 1    388
91  48355  5 4 1    390
91  48355  6 3 1    501
91  48355  6 4 1    529
91  48355  7 3 1    466
91  48355  7 4 1    484
91  48355  8 3 1    477
91  48355  8 4 1    454
91  48355  9 3 1    345
91  48355  9 4 1    391
91  48355 10 3 1    262
91  48355 10 4 1    321
91  48355 11 3 1    212
91  48355 11 4 1    253
91  48355 12 3 1    214
91  48355 12 4 1    244
91  48355 13 3 1    211
91  48355 13 4 1    273
91  48355 14 3 1    220
91  48355 14 4 1    274
91  48355 15 3 1    143
91  48355 15 4 1    234
91  48355 16 3 1    110
91  48355 16 4 1    161
91  48355 17 3 1     63
91  48355 17 4 1    116
91  48355 18 3 1     33
91  48355 18 4 1    103
91  48355  0 5 1      2
91  48355  0 6 1      3
91  48355  1 5 1     28
91  48355  1 6 1     21
91  48355  2 5 1     27
91  48355  2 6 1     28
91  48355  3 5 1     39
91  48355  3 6 1     36
91  48355  4 5 1     37
91  48355  4 6 1     27
91  48355  5 5 1     46
91  48355  5 6 1     23
91  48355  6 5 1     30
91  48355  6 6 1     30
91  48355  7 5 1     52
91  48355  7 6 1     38
91  48355  8 5 1     40
91  48355  8 6 1     41
91  48355  9 5 1     33
91  48355  9 6 1     39
91  48355 10 5 1     25
91  48355 10 6 1     23
91  48355 11 5 1     19
91  48355 11 6 1     27
91  48355 12 5 1     17
91  48355 12 6 1     18
91  48355 13 5 1     18
91  48355 13 6 1     13
91  48355 14 5 1     16
91  48355 14 6 1     18
91  48355 15 5 1      5
91  48355 15 6 1      5
91  48355 16 5 1      6
91  48355 16 6 1      5
91  48355 17 5 1      2
91  48355 17 6 1      2
91  48355 18 5 1      0
91  48355 18 6 1      4
91  48355  0 7 1     15
91  48355  0 8 1     16
91  48355  1 7 1     59
91  48355  1 8 1     61
91  48355  2 7 1     81
91  48355  2 8 1    102
91  48355  3 7 1    106
91  48355  3 8 1    101
91  48355  4 7 1     91
91  48355  4 8 1     92
91  48355  5 7 1     77
91  48355  5 8 1     73
91  48355  6 7 1     81
91  48355  6 8 1     91
91  48355  7 7 1     79
91  48355  7 8 1    127
91  48355  8 7 1     84
91  48355  8 8 1    147
91  48355  9 7 1    101
91  48355  9 8 1    155
91  48355 10 7 1     64
91  48355 10 8 1    102
91  48355 11 7 1     52
91  48355 11 8 1     59
91  48355 12 7 1     30
91  48355 12 8 1     65
91  48355 13 7 1     18
91  48355 13 8 1     36
91  48355 14 7 1     23
91  48355 14 8 1     32
91  48355 15 7 1     14
91  48355 15 8 1     23
91  48355 16 7 1      6
91  48355 16 8 1     12
91  48355 17 7 1      3
91  48355 17 8 1      8
91  48355 18 7 1      3
91  48355 18 8 1      1
91  48355  0 1 2   1666
91  48355  0 2 2   1559
91  48355  1 1 2   5861
91  48355  1 2 2   5713
91  48355  2 1 2   7730
91  48355  2 2 2   7248
91  48355  3 1 2   7883
91  48355  3 2 2   7517
91  48355  4 1 2   7371
91  48355  4 2 2   7089
91  48355  5 1 2   5963
91  48355  5 2 2   6266
91  48355  6 1 2   6495
91  48355  6 2 2   6699
91  48355  7 1 2   6376
91  48355  7 2 2   6581
91  48355  8 1 2   5642
91  48355  8 2 2   5873
91  48355  9 1 2   4858
91  48355  9 2 2   5119
91  48355 10 1 2   3323
91  48355 10 2 2   3722
91  48355 11 1 2   2563
91  48355 11 2 2   3057
91  48355 12 1 2   2284
91  48355 12 2 2   2833
91  48355 13 1 2   2097
91  48355 13 2 2   2649
91  48355 14 1 2   1822
91  48355 14 2 2   2431
91  48355 15 1 2   1211
91  48355 15 2 2   1572
91  48355 16 1 2    831
91  48355 16 2 2   1255
91  48355 17 1 2    494
91  48355 17 2 2    776
91  48355 18 1 2    294
91  48355 18 2 2    551
91  48355  0 3 2     14
91  48355  0 4 2     12
91  48355  1 3 2     62
91  48355  1 4 2     60
91  48355  2 3 2     59
91  48355  2 4 2     58
91  48355  3 3 2     59
91  48355  3 4 2     56
91  48355  4 3 2     45
91  48355  4 4 2     45
91  48355  5 3 2     49
91  48355  5 4 2     44
91  48355  6 3 2     36
91  48355  6 4 2     34
91  48355  7 3 2     45
91  48355  7 4 2     39
91  48355  8 3 2     35
91  48355  8 4 2     33
91  48355  9 3 2     24
91  48355  9 4 2     27
91  48355 10 3 2     24
91  48355 10 4 2     17
91  48355 11 3 2     12
91  48355 11 4 2     12
91  48355 12 3 2      9
91  48355 12 4 2     15
91  48355 13 3 2      9
91  48355 13 4 2     15
91  48355 14 3 2     10
91  48355 14 4 2     13
91  48355 15 3 2      4
91  48355 15 4 2     15
91  48355 16 3 2      5
91  48355 16 4 2      8
91  48355 17 3 2      5
91  48355 17 4 2      3
91  48355 18 3 2      0
91  48355 18 4 2      2
91  48355  0 5 2      6
91  48355  0 6 2      4
91  48355  1 5 2     22
91  48355  1 6 2     33
91  48355  2 5 2     31
91  48355  2 6 2     33
91  48355  3 5 2     33
91  48355  3 6 2     27
91  48355  4 5 2     14
91  48355  4 6 2     39
91  48355  5 5 2     30
91  48355  5 6 2     30
91  48355  6 5 2     29
91  48355  6 6 2     29
91  48355  7 5 2     21
91  48355  7 6 2     22
91  48355  8 5 2     19
91  48355  8 6 2     20
91  48355  9 5 2     18
91  48355  9 6 2     12
91  48355 10 5 2     10
91  48355 10 6 2      8
91  48355 11 5 2      4
91  48355 11 6 2      6
91  48355 12 5 2      3
91  48355 12 6 2      8
91  48355 13 5 2      5
91  48355 13 6 2      9
91  48355 14 5 2      6
91  48355 14 6 2      9
91  48355 15 5 2      0
91  48355 15 6 2      3
91  48355 16 5 2      1
91  48355 16 6 2      1
91  48355 17 5 2      1
91  48355 17 6 2      0
91  48355 18 5 2      1
91  48355 18 6 2      1
91  48355  0 7 2      3
91  48355  0 8 2      6
91  48355  1 7 2     32
91  48355  1 8 2     30
91  48355  2 7 2     47
91  48355  2 8 2     44
91  48355  3 7 2     36
91  48355  3 8 2     32
91  48355  4 7 2     30
91  48355  4 8 2     42
91  48355  5 7 2     28
91  48355  5 8 2     29
91  48355  6 7 2     38
91  48355  6 8 2     34
91  48355  7 7 2     17
91  48355  7 8 2     29
91  48355  8 7 2     20
91  48355  8 8 2     31
91  48355  9 7 2     17
91  48355  9 8 2     18
91  48355 10 7 2     10
91  48355 10 8 2     18
91  48355 11 7 2     11
91  48355 11 8 2     10
91  48355 12 7 2      5
91  48355 12 8 2      9
91  48355 13 7 2      2
91  48355 13 8 2      3
91  48355 14 7 2      4
91  48355 14 8 2      8
91  48355 15 7 2      1
91  48355 15 8 2      3
91  48355 16 7 2      1
91  48355 16 8 2      1
91  48355 17 7 2      1
91  48355 17 8 2      0
91  48355 18 7 2      0
91  48355 18 8 2      0