94  48355  0 1 1    768
94  48355  0 2 1    748
94  48355  1 1 1   3303
94  48355  1 2 1   3187
94  48355  2 1 1   4235
94  48355  2 2 1   4070
94  48355  3 1 1   4451
94  48355  3 2 1   4190
94  48355  4 1 1   3846
94  48355  4 2 1   3661
94  48355  5 1 1   3507
94  48355  5 2 1   3407
94  48355  6 1 1   4168
94  48355  6 2 1   4085
94  48355  7 1 1   5457
94  48355  7 2 1   5336
94  48355  8 1 1   5823
94  48355  8 2 1   5646
94  48355  9 1 1   5154
94  48355  9 2 1   4966
94  48355 10 1 1   4658
94  48355 10 2 1   4421
94  48355 11 1 1   3621
94  48355 11 2 1   3614
94  48355 12 1 1   3015
94  48355 12 2 1   3061
94  48355 13 1 1   2824
94  48355 13 2 1   2982
94  48355 14 1 1   2655
94  48355 14 2 1   3096
94  48355 15 1 1   2199
94  48355 15 2 1   2698
94  48355 16 1 1   1474
94  48355 16 2 1   2154
94  48355 17 1 1    843
94  48355 17 2 1   1503
94  48355 18 1 1    502
94  48355 18 2 1   1376
94  48355  0 3 1    107
94  48355  0 4 1    114
94  48355  1 3 1    506
94  48355  1 4 1    481
94  48355  2 3 1    658
94  48355  2 4 1    583
94  48355  3 3 1    593
94  48355  3 4 1    570
94  48355  4 3 1    566
94  48355  4 4 1    482
94  48355  5 3 1    425
94  48355  5 4 1    420
94  48355  6 3 1    483
94  48355  6 4 1    475
94  48355  7 3 1    479
94  48355  7 4 1    481
94  48355  8 3 1    523
94  48355  8 4 1    508
94  48355  9 3 1    415
94  48355  9 4 1    434
94  48355 10 3 1    324
94  48355 10 4 1    378
94  48355 11 3 1    243
94  48355 11 4 1    272
94  48355 12 3 1    216
94  48355 12 4 1    252
94  48355 13 3 1    215
94  48355 13 4 1    265
94  48355 14 3 1    212
94  48355 14 4 1    257
94  48355 15 3 1    144
94  48355 15 4 1    229
94  48355 16 3 1    109
94  48355 16 4 1    166
94  48355 17 3 1     60
94  48355 17 4 1    129
94  48355 18 3 1     41
94  48355 18 4 1    110
94  48355  0 5 1      4
94  48355  0 6 1      5
94  48355  1 5 1     21
94  48355  1 6 1     20
94  48355  2 5 1     33
94  48355  2 6 1     36
94  48355  3 5 1     38
94  48355  3 6 1     42
94  48355  4 5 1     41
94  48355  4 6 1     31
94  48355  5 5 1     51
94  48355  5 6 1     30
94  48355  6 5 1     29
94  48355  6 6 1     27
94  48355  7 5 1     51
94  48355  7 6 1     38
94  48355  8 5 1     44
94  48355  8 6 1     53
94  48355  9 5 1     43
94  48355  9 6 1     47
94  48355 10 5 1     29
94  48355 10 6 1     28
94  48355 11 5 1     28
94  48355 11 6 1     36
94  48355 12 5 1     20
94  48355 12 6 1     25
94  48355 13 5 1     22
94  48355 13 6 1     14
94  48355 14 5 1     18
94  48355 14 6 1     15
94  48355 15 5 1      8
94  48355 15 6 1      5
94  48355 16 5 1      7
94  48355 16 6 1      6
94  48355 17 5 1      3
94  48355 17 6 1      2
94  48355 18 5 1      0
94  48355 18 6 1      4
94  48355  0 7 1     20
94  48355  0 8 1     20
94  48355  1 7 1     75
94  48355  1 8 1     78
94  48355  2 7 1     92
94  48355  2 8 1    110
94  48355  3 7 1    130
94  48355  3 8 1    125
94  48355  4 7 1    110
94  48355  4 8 1    113
94  48355  5 7 1    107
94  48355  5 8 1     93
94  48355  6 7 1    102
94  48355  6 8 1    108
94  48355  7 7 1    105
94  48355  7 8 1    153
94  48355  8 7 1    109
94  48355  8 8 1    178
94  48355  9 7 1    119
94  48355  9 8 1    195
94  48355 10 7 1     89
94  48355 10 8 1    141
94  48355 11 7 1     76
94  48355 11 8 1     88
94  48355 12 7 1     43
94  48355 12 8 1     80
94  48355 13 7 1     30
94  48355 13 8 1     49
94  48355 14 7 1     28
94  48355 14 8 1     46
94  48355 15 7 1     19
94  48355 15 8 1     31
94  48355 16 7 1     10
94  48355 16 8 1     18
94  48355 17 7 1      5
94  48355 17 8 1     10
94  48355 18 7 1      3
94  48355 18 8 1      2
94  48355  0 1 2   1711
94  48355  0 2 2   1653
94  48355  1 1 2   6422
94  48355  1 2 2   6291
94  48355  2 1 2   7562
94  48355  2 2 2   7044
94  48355  3 1 2   8180
94  48355  3 2 2   7814
94  48355  4 1 2   7747
94  48355  4 2 2   7410
94  48355  5 1 2   6312
94  48355  5 2 2   6703
94  48355  6 1 2   6332
94  48355  6 2 2   6552
94  48355  7 1 2   6755
94  48355  7 2 2   6851
94  48355  8 1 2   6124
94  48355  8 2 2   6432
94  48355  9 1 2   5342
94  48355  9 2 2   5644
94  48355 10 1 2   4112
94  48355 10 2 2   4509
94  48355 11 1 2   3019
94  48355 11 2 2   3475
94  48355 12 1 2   2479
94  48355 12 2 2   2971
94  48355 13 1 2   2097
94  48355 13 2 2   2610
94  48355 14 1 2   1833
94  48355 14 2 2   2561
94  48355 15 1 2   1494
94  48355 15 2 2   1916
94  48355 16 1 2    829
94  48355 16 2 2   1268
94  48355 17 1 2    547
94  48355 17 2 2    896
94  48355 18 1 2    335
94  48355 18 2 2    666
94  48355  0 3 2     19
94  48355  0 4 2     16
94  48355  1 3 2     81
94  48355  1 4 2     83
94  48355  2 3 2     79
94  48355  2 4 2     71
94  48355  3 3 2     72
94  48355  3 4 2     69
94  48355  4 3 2     58
94  48355  4 4 2     60
94  48355  5 3 2     47
94  48355  5 4 2     55
94  48355  6 3 2     38
94  48355  6 4 2     47
94  48355  7 3 2     51
94  48355  7 4 2     46
94  48355  8 3 2     38
94  48355  8 4 2     43
94  48355  9 3 2     24
94  48355  9 4 2     32
94  48355 10 3 2     25
94  48355 10 4 2     22
94  48355 11 3 2     11
94  48355 11 4 2     11
94  48355 12 3 2      9
94  48355 12 4 2     14
94  48355 13 3 2      7
94  48355 13 4 2     15
94  48355 14 3 2      7
94  48355 14 4 2      9
94  48355 15 3 2      7
94  48355 15 4 2     12
94  48355 16 3 2      3
94  48355 16 4 2      5
94  48355 17 3 2      4
94  48355 17 4 2      2
94  48355 18 3 2      0
94  48355 18 4 2      3
94  48355  0 5 2     10
94  48355  0 6 2      6
94  48355  1 5 2     33
94  48355  1 6 2     40
94  48355  2 5 2     47
94  48355  2 6 2     53
94  48355  3 5 2     48
94  48355  3 6 2     44
94  48355  4 5 2     27
94  48355  4 6 2     55
94  48355  5 5 2     47
94  48355  5 6 2     44
94  48355  6 5 2     41
94  48355  6 6 2     38
94  48355  7 5 2     31
94  48355  7 6 2     31
94  48355  8 5 2     27
94  48355  8 6 2     30
94  48355  9 5 2     24
94  48355  9 6 2     20
94  48355 10 5 2     16
94  48355 10 6 2     17
94  48355 11 5 2     12
94  48355 11 6 2     11
94  48355 12 5 2      6
94  48355 12 6 2      6
94  48355 13 5 2      7
94  48355 13 6 2     10
94  48355 14 5 2      9
94  48355 14 6 2     10
94  48355 15 5 2      0
94  48355 15 6 2      8
94  48355 16 5 2      2
94  48355 16 6 2      2
94  48355 17 5 2      1
94  48355 17 6 2      1
94  48355 18 5 2      2
94  48355 18 6 2      3
94  48355  0 7 2      6
94  48355  0 8 2      8
94  48355  1 7 2     38
94  48355  1 8 2     37
94  48355  2 7 2     50
94  48355  2 8 2     45
94  48355  3 7 2     40
94  48355  3 8 2     38
94  48355  4 7 2     35
94  48355  4 8 2     37
94  48355  5 7 2     31
94  48355  5 8 2     31
94  48355  6 7 2     42
94  48355  6 8 2     36
94  48355  7 7 2     22
94  48355  7 8 2     33
94  48355  8 7 2     22
94  48355  8 8 2     34
94  48355  9 7 2     21
94  48355  9 8 2     19
94  48355 10 7 2     13
94  48355 10 8 2     19
94  48355 11 7 2      9
94  48355 11 8 2     10
94  48355 12 7 2      6
94  48355 12 8 2     10
94  48355 13 7 2      3
94  48355 13 8 2      3
94  48355 14 7 2      3
94  48355 14 8 2      8
94  48355 15 7 2      2
94  48355 15 8 2      4
94  48355 16 7 2      1
94  48355 16 8 2      2
94  48355 17 7 2      2
94  48355 17 8 2      0
94  48355 18 7 2      0
94  48355 18 8 2      0