98  48355  0 1 1    670
98  48355  0 2 1    674
98  48355  1 1 1   2785
98  48355  1 2 1   2756
98  48355  2 1 1   3784
98  48355  2 2 1   3692
98  48355  3 1 1   4206
98  48355  3 2 1   3887
98  48355  4 1 1   4188
98  48355  4 2 1   4054
98  48355  5 1 1   3480
98  48355  5 2 1   3381
98  48355  6 1 1   3941
98  48355  6 2 1   3662
98  48355  7 1 1   4043
98  48355  7 2 1   3962
98  48355  8 1 1   5312
98  48355  8 2 1   5204
98  48355  9 1 1   5445
98  48355  9 2 1   5236
98  48355 10 1 1   5059
98  48355 10 2 1   4794
98  48355 11 1 1   4214
98  48355 11 2 1   4100
98  48355 12 1 1   3312
98  48355 12 2 1   3173
98  48355 13 1 1   2709
98  48355 13 2 1   2826
98  48355 14 1 1   2474
98  48355 14 2 1   2845
98  48355 15 1 1   2268
98  48355 15 2 1   2746
98  48355 16 1 1   1783
98  48355 16 2 1   2356
98  48355 17 1 1    959
98  48355 17 2 1   1538
98  48355 18 1 1    582
98  48355 18 2 1   1548
98  48355  0 3 1    105
98  48355  0 4 1    110
98  48355  1 3 1    467
98  48355  1 4 1    457
98  48355  2 3 1    664
98  48355  2 4 1    589
98  48355  3 3 1    600
98  48355  3 4 1    578
98  48355  4 3 1    621
98  48355  4 4 1    537
98  48355  5 3 1    446
98  48355  5 4 1    453
98  48355  6 3 1    500
98  48355  6 4 1    435
98  48355  7 3 1    437
98  48355  7 4 1    414
98  48355  8 3 1    506
98  48355  8 4 1    507
98  48355  9 3 1    502
98  48355  9 4 1    474
98  48355 10 3 1    407
98  48355 10 4 1    429
98  48355 11 3 1    293
98  48355 11 4 1    304
98  48355 12 3 1    227
98  48355 12 4 1    267
98  48355 13 3 1    209
98  48355 13 4 1    248
98  48355 14 3 1    190
98  48355 14 4 1    227
98  48355 15 3 1    140
98  48355 15 4 1    222
98  48355 16 3 1    127
98  48355 16 4 1    189
98  48355 17 3 1     52
98  48355 17 4 1    134
98  48355 18 3 1     48
98  48355 18 4 1    111
98  48355  0 5 1      4
98  48355  0 6 1      7
98  48355  1 5 1     21
98  48355  1 6 1     23
98  48355  2 5 1     27
98  48355  2 6 1     34
98  48355  3 5 1     31
98  48355  3 6 1     45
98  48355  4 5 1     48
98  48355  4 6 1     42
98  48355  5 5 1     42
98  48355  5 6 1     36
98  48355  6 5 1     34
98  48355  6 6 1     27
98  48355  7 5 1     42
98  48355  7 6 1     34
98  48355  8 5 1     41
98  48355  8 6 1     58
98  48355  9 5 1     53
98  48355  9 6 1     55
98  48355 10 5 1     38
98  48355 10 6 1     35
98  48355 11 5 1     32
98  48355 11 6 1     45
98  48355 12 5 1     34
98  48355 12 6 1     32
98  48355 13 5 1     23
98  48355 13 6 1     17
98  48355 14 5 1     19
98  48355 14 6 1     14
98  48355 15 5 1     12
98  48355 15 6 1      8
98  48355 16 5 1      6
98  48355 16 6 1      5
98  48355 17 5 1      2
98  48355 17 6 1      1
98  48355 18 5 1      0
98  48355 18 6 1      5
98  48355  0 7 1     25
98  48355  0 8 1     24
98  48355  1 7 1     92
98  48355  1 8 1    100
98  48355  2 7 1    121
98  48355  2 8 1    133
98  48355  3 7 1    145
98  48355  3 8 1    140
98  48355  4 7 1    146
98  48355  4 8 1    150
98  48355  5 7 1    135
98  48355  5 8 1    109
98  48355  6 7 1    141
98  48355  6 8 1    143
98  48355  7 7 1    134
98  48355  7 8 1    179
98  48355  8 7 1    143
98  48355  8 8 1    203
98  48355  9 7 1    137
98  48355  9 8 1    219
98  48355 10 7 1    122
98  48355 10 8 1    199
98  48355 11 7 1    107
98  48355 11 8 1    147
98  48355 12 7 1     64
98  48355 12 8 1    105
98  48355 13 7 1     47
98  48355 13 8 1     59
98  48355 14 7 1     33
98  48355 14 8 1     60
98  48355 15 7 1     23
98  48355 15 8 1     43
98  48355 16 7 1     15
98  48355 16 8 1     31
98  48355 17 7 1      7
98  48355 17 8 1     15
98  48355 18 7 1      4
98  48355 18 8 1      3
98  48355  0 1 2   1667
98  48355  0 2 2   1678
98  48355  1 1 2   6519
98  48355  1 2 2   6325
98  48355  2 1 2   7985
98  48355  2 2 2   7469
98  48355  3 1 2   7833
98  48355  3 2 2   7459
98  48355  4 1 2   8167
98  48355  4 2 2   7776
98  48355  5 1 2   6709
98  48355  5 2 2   7065
98  48355  6 1 2   6193
98  48355  6 2 2   6686
98  48355  7 1 2   6150
98  48355  7 2 2   6408
98  48355  8 1 2   6245
98  48355  8 2 2   6770
98  48355  9 1 2   5826
98  48355  9 2 2   6261
98  48355 10 1 2   4905
98  48355 10 2 2   5284
98  48355 11 1 2   3921
98  48355 11 2 2   4342
98  48355 12 1 2   2753
98  48355 12 2 2   3168
98  48355 13 1 2   2185
98  48355 13 2 2   2735
98  48355 14 1 2   1840
98  48355 14 2 2   2531
98  48355 15 1 2   1546
98  48355 15 2 2   2162
98  48355 16 1 2   1026
98  48355 16 2 2   1592
98  48355 17 1 2    564
98  48355 17 2 2    903
98  48355 18 1 2    384
98  48355 18 2 2    837
98  48355  0 3 2     24
98  48355  0 4 2     19
98  48355  1 3 2     91
98  48355  1 4 2    105
98  48355  2 3 2    103
98  48355  2 4 2     84
98  48355  3 3 2     70
98  48355  3 4 2     79
98  48355  4 3 2     73
98  48355  4 4 2     73
98  48355  5 3 2     41
98  48355  5 4 2     66
98  48355  6 3 2     34
98  48355  6 4 2     61
98  48355  7 3 2     44
98  48355  7 4 2     46
98  48355  8 3 2     32
98  48355  8 4 2     52
98  48355  9 3 2     23
98  48355  9 4 2     35
98  48355 10 3 2     25
98  48355 10 4 2     30
98  48355 11 3 2     10
98  48355 11 4 2     12
98  48355 12 3 2      9
98  48355 12 4 2     13
98  48355 13 3 2      5
98  48355 13 4 2     12
98  48355 14 3 2      5
98  48355 14 4 2      5
98  48355 15 3 2      5
98  48355 15 4 2      9
98  48355 16 3 2      1
98  48355 16 4 2      3
98  48355 17 3 2      3
98  48355 17 4 2      1
98  48355 18 3 2      0
98  48355 18 4 2      4
98  48355  0 5 2     12
98  48355  0 6 2     11
98  48355  1 5 2     60
98  48355  1 6 2     63
98  48355  2 5 2     69
98  48355  2 6 2     68
98  48355  3 5 2     62
98  48355  3 6 2     68
98  48355  4 5 2     58
98  48355  4 6 2     73
98  48355  5 5 2     66
98  48355  5 6 2     71
98  48355  6 5 2     56
98  48355  6 6 2     57
98  48355  7 5 2     50
98  48355  7 6 2     42
98  48355  8 5 2     41
98  48355  8 6 2     45
98  48355  9 5 2     45
98  48355  9 6 2     43
98  48355 10 5 2     29
98  48355 10 6 2     36
98  48355 11 5 2     30
98  48355 11 6 2     23
98  48355 12 5 2      9
98  48355 12 6 2     13
98  48355 13 5 2     13
98  48355 13 6 2     16
98  48355 14 5 2     11
98  48355 14 6 2     12
98  48355 15 5 2      0
98  48355 15 6 2     10
98  48355 16 5 2      4
98  48355 16 6 2      4
98  48355 17 5 2      2
98  48355 17 6 2      4
98  48355 18 5 2      3
98  48355 18 6 2      7
98  48355  0 7 2     10
98  48355  0 8 2      7
98  48355  1 7 2     42
98  48355  1 8 2     54
98  48355  2 7 2     52
98  48355  2 8 2     38
98  48355  3 7 2     37
98  48355  3 8 2     46
98  48355  4 7 2     38
98  48355  4 8 2     30
98  48355  5 7 2     22
98  48355  5 8 2     29
98  48355  6 7 2     39
98  48355  6 8 2     34
98  48355  7 7 2     27
98  48355  7 8 2     31
98  48355  8 7 2     23
98  48355  8 8 2     32
98  48355  9 7 2     26
98  48355  9 8 2     17
98  48355 10 7 2     20
98  48355 10 8 2     22
98  48355 11 7 2      7
98  48355 11 8 2     11
98  48355 12 7 2      6
98  48355 12 8 2     10
98  48355 13 7 2      3
98  48355 13 8 2      2
98  48355 14 7 2      2
98  48355 14 8 2      6
98  48355 15 7 2      2
98  48355 15 8 2      4
98  48355 16 7 2      3
98  48355 16 8 2      5
98  48355 17 7 2      2
98  48355 17 8 2      0
98  48355 18 7 2      0
98  48355 18 8 2      0