99  48355  0 1 1    623
99  48355  0 2 1    642
99  48355  1 1 1   2677
99  48355  1 2 1   2658
99  48355  2 1 1   3612
99  48355  2 2 1   3545
99  48355  3 1 1   4139
99  48355  3 2 1   3796
99  48355  4 1 1   4179
99  48355  4 2 1   4068
99  48355  5 1 1   3511
99  48355  5 2 1   3439
99  48355  6 1 1   3782
99  48355  6 2 1   3463
99  48355  7 1 1   3748
99  48355  7 2 1   3653
99  48355  8 1 1   5059
99  48355  8 2 1   4973
99  48355  9 1 1   5420
99  48355  9 2 1   5194
99  48355 10 1 1   5152
99  48355 10 2 1   4886
99  48355 11 1 1   4325
99  48355 11 2 1   4195
99  48355 12 1 1   3403
99  48355 12 2 1   3217
99  48355 13 1 1   2697
99  48355 13 2 1   2817
99  48355 14 1 1   2414
99  48355 14 2 1   2772
99  48355 15 1 1   2291
99  48355 15 2 1   2733
99  48355 16 1 1   1849
99  48355 16 2 1   2392
99  48355 17 1 1    991
99  48355 17 2 1   1539
99  48355 18 1 1    608
99  48355 18 2 1   1583
99  48355  0 3 1    108
99  48355  0 4 1    113
99  48355  1 3 1    456
99  48355  1 4 1    454
99  48355  2 3 1    644
99  48355  2 4 1    572
99  48355  3 3 1    604
99  48355  3 4 1    586
99  48355  4 3 1    622
99  48355  4 4 1    539
99  48355  5 3 1    457
99  48355  5 4 1    465
99  48355  6 3 1    505
99  48355  6 4 1    426
99  48355  7 3 1    416
99  48355  7 4 1    389
99  48355  8 3 1    496
99  48355  8 4 1    502
99  48355  9 3 1    515
99  48355  9 4 1    479
99  48355 10 3 1    426
99  48355 10 4 1    436
99  48355 11 3 1    309
99  48355 11 4 1    317
99  48355 12 3 1    231
99  48355 12 4 1    272
99  48355 13 3 1    209
99  48355 13 4 1    246
99  48355 14 3 1    182
99  48355 14 4 1    216
99  48355 15 3 1    142
99  48355 15 4 1    220
99  48355 16 3 1    129
99  48355 16 4 1    188
99  48355 17 3 1     52
99  48355 17 4 1    138
99  48355 18 3 1     51
99  48355 18 4 1    111
99  48355  0 5 1      7
99  48355  0 6 1      6
99  48355  1 5 1     21
99  48355  1 6 1     23
99  48355  2 5 1     27
99  48355  2 6 1     36
99  48355  3 5 1     31
99  48355  3 6 1     43
99  48355  4 5 1     49
99  48355  4 6 1     45
99  48355  5 5 1     43
99  48355  5 6 1     39
99  48355  6 5 1     33
99  48355  6 6 1     27
99  48355  7 5 1     39
99  48355  7 6 1     31
99  48355  8 5 1     39
99  48355  8 6 1     58
99  48355  9 5 1     54
99  48355  9 6 1     55
99  48355 10 5 1     36
99  48355 10 6 1     39
99  48355 11 5 1     35
99  48355 11 6 1     44
99  48355 12 5 1     39
99  48355 12 6 1     33
99  48355 13 5 1     24
99  48355 13 6 1     18
99  48355 14 5 1     19
99  48355 14 6 1     12
99  48355 15 5 1     13
99  48355 15 6 1      8
99  48355 16 5 1      7
99  48355 16 6 1      6
99  48355 17 5 1      2
99  48355 17 6 1      1
99  48355 18 5 1      0
99  48355 18 6 1      5
99  48355  0 7 1     26
99  48355  0 8 1     23
99  48355  1 7 1     93
99  48355  1 8 1    104
99  48355  2 7 1    127
99  48355  2 8 1    136
99  48355  3 7 1    145
99  48355  3 8 1    144
99  48355  4 7 1    152
99  48355  4 8 1    154
99  48355  5 7 1    141
99  48355  5 8 1    111
99  48355  6 7 1    146
99  48355  6 8 1    159
99  48355  7 7 1    142
99  48355  7 8 1    191
99  48355  8 7 1    149
99  48355  8 8 1    205
99  48355  9 7 1    138
99  48355  9 8 1    221
99  48355 10 7 1    129
99  48355 10 8 1    209
99  48355 11 7 1    118
99  48355 11 8 1    164
99  48355 12 7 1     70
99  48355 12 8 1    112
99  48355 13 7 1     50
99  48355 13 8 1     62
99  48355 14 7 1     33
99  48355 14 8 1     62
99  48355 15 7 1     23
99  48355 15 8 1     41
99  48355 16 7 1     19
99  48355 16 8 1     35
99  48355 17 7 1      7
99  48355 17 8 1     15
99  48355 18 7 1      5
99  48355 18 8 1      3
99  48355  0 1 2   1685
99  48355  0 2 2   1699
99  48355  1 1 2   6465
99  48355  1 2 2   6264
99  48355  2 1 2   8123
99  48355  2 2 2   7582
99  48355  3 1 2   7760
99  48355  3 2 2   7372
99  48355  4 1 2   8116
99  48355  4 2 2   7755
99  48355  5 1 2   6766
99  48355  5 2 2   7075
99  48355  6 1 2   6243
99  48355  6 2 2   6697
99  48355  7 1 2   5921
99  48355  7 2 2   6215
99  48355  8 1 2   6198
99  48355  8 2 2   6757
99  48355  9 1 2   5886
99  48355  9 2 2   6355
99  48355 10 1 2   5068
99  48355 10 2 2   5415
99  48355 11 1 2   4155
99  48355 11 2 2   4555
99  48355 12 1 2   2870
99  48355 12 2 2   3269
99  48355 13 1 2   2200
99  48355 13 2 2   2764
99  48355 14 1 2   1854
99  48355 14 2 2   2519
99  48355 15 1 2   1564
99  48355 15 2 2   2210
99  48355 16 1 2   1084
99  48355 16 2 2   1676
99  48355 17 1 2    575
99  48355 17 2 2    901
99  48355 18 1 2    398
99  48355 18 2 2    875
99  48355  0 3 2     24
99  48355  0 4 2     20
99  48355  1 3 2     95
99  48355  1 4 2    108
99  48355  2 3 2    109
99  48355  2 4 2     84
99  48355  3 3 2     68
99  48355  3 4 2     79
99  48355  4 3 2     74
99  48355  4 4 2     75
99  48355  5 3 2     40
99  48355  5 4 2     70
99  48355  6 3 2     33
99  48355  6 4 2     64
99  48355  7 3 2     41
99  48355  7 4 2     44
99  48355  8 3 2     30
99  48355  8 4 2     54
99  48355  9 3 2     22
99  48355  9 4 2     35
99  48355 10 3 2     25
99  48355 10 4 2     32
99  48355 11 3 2      9
99  48355 11 4 2     12
99  48355 12 3 2      9
99  48355 12 4 2     13
99  48355 13 3 2      5
99  48355 13 4 2     11
99  48355 14 3 2      5
99  48355 14 4 2      4
99  48355 15 3 2      6
99  48355 15 4 2      8
99  48355 16 3 2      1
99  48355 16 4 2      2
99  48355 17 3 2      2
99  48355 17 4 2      1
99  48355 18 3 2      0
99  48355 18 4 2      4
99  48355  0 5 2     14
99  48355  0 6 2     13
99  48355  1 5 2     66
99  48355  1 6 2     69
99  48355  2 5 2     77
99  48355  2 6 2     71
99  48355  3 5 2     68
99  48355  3 6 2     76
99  48355  4 5 2     70
99  48355  4 6 2     82
99  48355  5 5 2     75
99  48355  5 6 2     76
99  48355  6 5 2     55
99  48355  6 6 2     59
99  48355  7 5 2     52
99  48355  7 6 2     47
99  48355  8 5 2     46
99  48355  8 6 2     50
99  48355  9 5 2     47
99  48355  9 6 2     52
99  48355 10 5 2     40
99  48355 10 6 2     41
99  48355 11 5 2     39
99  48355 11 6 2     25
99  48355 12 5 2     10
99  48355 12 6 2     15
99  48355 13 5 2     18
99  48355 13 6 2     19
99  48355 14 5 2     15
99  48355 14 6 2     14
99  48355 15 5 2      0
99  48355 15 6 2     12
99  48355 16 5 2      4
99  48355 16 6 2      5
99  48355 17 5 2      4
99  48355 17 6 2      2
99  48355 18 5 2      4
99  48355 18 6 2      8
99  48355  0 7 2     11
99  48355  0 8 2      6
99  48355  1 7 2     39
99  48355  1 8 2     53
99  48355  2 7 2     50
99  48355  2 8 2     38
99  48355  3 7 2     36
99  48355  3 8 2     46
99  48355  4 7 2     37
99  48355  4 8 2     28
99  48355  5 7 2     22
99  48355  5 8 2     28
99  48355  6 7 2     36
99  48355  6 8 2     32
99  48355  7 7 2     26
99  48355  7 8 2     33
99  48355  8 7 2     22
99  48355  8 8 2     29
99  48355  9 7 2     26
99  48355  9 8 2     18
99  48355 10 7 2     22
99  48355 10 8 2     22
99  48355 11 7 2      6
99  48355 11 8 2     11
99  48355 12 7 2      6
99  48355 12 8 2     11
99  48355 13 7 2      4
99  48355 13 8 2      2
99  48355 14 7 2      2
99  48355 14 8 2      7
99  48355 15 7 2      6
99  48355 15 8 2      4
99  48355 16 7 2      2
99  48355 16 8 2      6
99  48355 17 7 2      3
99  48355 17 8 2      0
99  48355 18 7 2      0
99  48355 18 8 2      0